Date,Time,Open,High,Low,Close,Volume,OpenInt
2015-11-24,15:35:00,6.99,6.99,6.92,6.95,5971,0
2015-11-24,15:40:00,6.99,7.1,6.99,7.055,3000,0
2015-11-24,15:45:00,7.02,7.0699,6.96,6.97,4900,0
2015-11-24,15:50:00,6.9875,7.01,6.94,6.95,1300,0
2015-11-24,15:55:00,6.96,6.96,6.95,6.95,1000,0
2015-11-24,16:00:00,7,7,6.97,6.97,300,0
2015-11-24,16:05:00,6.94,6.96,6.94,6.96,2100,0
2015-11-24,16:10:00,6.9501,7.01,6.9501,7.01,4100,0
2015-11-24,16:20:00,7,7,7,7,100,0
2015-11-24,16:25:00,7,7.01,6.97,6.97,1590,0
2015-11-24,16:30:00,6.95,6.95,6.94,6.94,1200,0
2015-11-24,16:35:00,6.93,6.95,6.91,6.94,10294,0
2015-11-24,16:40:00,6.93,6.93,6.92,6.92,1497,0
2015-11-24,16:45:00,6.928,6.928,6.92,6.92,403,0
2015-11-24,16:50:00,6.93,6.93,6.9,6.9,800,0
2015-11-24,16:55:00,6.91,6.948,6.905,6.948,5794,0
2015-11-24,17:00:00,6.935,6.935,6.935,6.935,100,0
2015-11-24,17:05:00,6.95,6.95,6.95,6.95,100,0
2015-11-24,17:15:00,6.92,6.95,6.92,6.95,600,0
2015-11-24,17:20:00,6.94,6.95,6.92,6.94,900,0
2015-11-24,17:25:00,6.92,6.92,6.9,6.9,3428,0
2015-11-24,17:30:00,6.91,6.92,6.9,6.905,700,0
2015-11-24,17:35:00,6.91,6.91,6.9,6.9099,2300,0
2015-11-24,17:40:00,6.91,6.91,6.9,6.905,3650,0
2015-11-24,17:45:00,6.91,6.91,6.9001,6.91,3500,0
2015-11-24,17:50:00,6.9,6.91,6.9,6.9,3000,0
2015-11-24,17:55:00,6.9,6.92,6.9,6.915,3500,0
2015-11-24,18:00:00,6.92,6.95,6.91,6.95,5900,0
2015-11-24,18:05:00,6.96,6.98,6.96,6.96,4600,0
2015-11-24,18:10:00,6.9501,6.96,6.945,6.95,2525,0
2015-11-24,18:15:00,6.9499,6.9499,6.9499,6.9499,100,0
2015-11-24,18:20:00,6.9401,6.95,6.9401,6.945,600,0
2015-11-24,18:25:00,6.945,6.946,6.925,6.925,2700,0
2015-11-24,18:30:00,6.925,6.95,6.925,6.95,3200,0
2015-11-24,18:35:00,6.9799,6.98,6.95,6.95,1000,0
2015-11-24,18:50:00,6.945,6.95,6.925,6.93,7700,0
2015-11-24,18:55:00,6.9299,6.95,6.9231,6.94,4250,0
2015-11-24,19:00:00,6.935,6.935,6.925,6.925,300,0
2015-11-24,19:05:00,6.93,6.93,6.93,6.93,100,0
2015-11-24,19:10:00,6.93,6.98,6.925,6.965,9800,0
2015-11-24,19:15:00,6.965,6.97,6.95,6.95,3600,0
2015-11-24,19:20:00,6.95,6.95,6.95,6.95,200,0
2015-11-24,19:25:00,6.96,6.9901,6.95,6.99,6550,0
2015-11-24,19:30:00,6.98,6.98,6.97,6.97,200,0
2015-11-24,19:35:00,6.97,6.98,6.965,6.965,400,0
2015-11-24,19:40:00,6.98,6.98,6.96,6.96,200,0
2015-11-24,19:45:00,6.96,6.97,6.96,6.97,6345,0
2015-11-24,19:50:00,6.97,6.97,6.97,6.97,100,0
2015-11-24,19:55:00,6.965,6.97,6.95,6.9501,1757,0
2015-11-24,20:00:00,6.9501,6.956,6.9301,6.935,6300,0
2015-11-24,20:05:00,6.935,6.97,6.935,6.95,13409,0
2015-11-24,20:10:00,6.955,6.98,6.955,6.98,3118,0
2015-11-24,20:15:00,6.9792,6.9792,6.94,6.95,3621,0
2015-11-24,20:20:00,6.95,6.95,6.935,6.945,2874,0
2015-11-24,20:25:00,6.96,6.96,6.94,6.94,1700,0
2015-11-24,20:35:00,6.95,6.95,6.945,6.945,900,0
2015-11-24,20:40:00,6.945,6.95,6.94,6.945,1756,0
2015-11-24,20:45:00,6.945,6.95,6.94,6.945,1888,0
2015-11-24,20:50:00,6.943,6.96,6.941,6.96,2768,0
2015-11-24,20:55:00,6.96,6.97,6.955,6.97,1500,0
2015-11-24,21:00:00,6.98,6.99,6.98,6.99,800,0
2015-11-24,21:05:00,6.99,7,6.985,7,1500,0
2015-11-24,21:10:00,6.99,7,6.98,6.986,5000,0
2015-11-24,21:15:00,6.99,6.99,6.985,6.985,2400,0
2015-11-24,21:20:00,6.98,6.98,6.97,6.98,2600,0
2015-11-24,21:25:00,6.975,6.98,6.97,6.975,800,0
2015-11-24,21:30:00,6.97,6.9735,6.96,6.9735,4549,0
2015-11-24,21:35:00,6.97,6.98,6.97,6.97,800,0
2015-11-24,21:40:00,6.975,6.975,6.96,6.96,2338,0
2015-11-24,21:45:00,6.95,6.9635,6.95,6.9635,4400,0
2015-11-24,21:50:00,6.96,6.965,6.96,6.96,700,0
2015-11-24,21:55:00,6.97,6.98,6.965,6.98,5661,0
2015-11-24,22:00:00,6.975,6.98,6.97,6.98,24534,0
2015-11-25,15:35:00,6.97,7.21,6.97,7.21,1497,0
2015-11-25,15:40:00,6.99,7.09,6.98,7.09,1700,0
2015-11-25,15:45:00,7.08,7.08,7.05,7.06,446,0
2015-11-25,15:50:00,7.05,7.1,7.05,7.1,1982,0
2015-11-25,16:00:00,7.11,7.11,7.08,7.08,300,0
2015-11-25,16:05:00,7.08,7.08,7.07,7.07,600,0
2015-11-25,16:10:00,7.06,7.06,7.04,7.05,2975,0
2015-11-25,16:15:00,7.06,7.08,7.06,7.08,2500,0
2015-11-25,16:20:00,7.05,7.07,7.05,7.07,800,0
2015-11-25,16:30:00,7.0504,7.06,7.0504,7.06,2100,0
2015-11-25,16:35:00,7.06,7.07,7.06,7.0646,1566,0
2015-11-25,16:40:00,7.07,7.09,7.07,7.09,2515,0
2015-11-25,16:45:00,7.09,7.09,7.088,7.088,1200,0
2015-11-25,16:50:00,7.07,7.08,7.07,7.08,2100,0
2015-11-25,16:55:00,7.08,7.08,7.08,7.08,500,0
2015-11-25,17:00:00,7.09,7.09,7.09,7.09,300,0
2015-11-25,17:05:00,7.07,7.0725,7.07,7.0725,300,0
2015-11-25,17:10:00,7.06,7.07,7.06,7.06,4100,0
2015-11-25,17:15:00,7.08,7.08,7.07,7.07,400,0
2015-11-25,17:20:00,7.07,7.07,7.07,7.07,200,0
2015-11-25,17:30:00,7.06,7.06,7.05,7.05,800,0
2015-11-25,17:35:00,7.05,7.06,7.05,7.06,1100,0
2015-11-25,17:40:00,7.06,7.08,7.06,7.08,700,0
2015-11-25,17:45:00,7.07,7.07,7.07,7.07,200,0
2015-11-25,17:50:00,7.07,7.075,7.063,7.0635,900,0
2015-11-25,17:55:00,7.07,7.1,7.07,7.1,1500,0
2015-11-25,18:00:00,7.1,7.1,7.1,7.1,100,0
2015-11-25,18:10:00,7.1,7.1,7.1,7.1,200,0
2015-11-25,18:15:00,7.095,7.1,7.0911,7.1,1100,0
2015-11-25,18:20:00,7.1,7.1,7.1,7.1,2305,0
2015-11-25,18:25:00,7.1,7.14,7.1,7.14,600,0
2015-11-25,18:30:00,7.13,7.13,7.12,7.12,600,0
2015-11-25,18:35:00,7.11,7.11,7.11,7.11,200,0
2015-11-25,18:40:00,7.12,7.12,7.11,7.11,900,0
2015-11-25,18:50:00,7.11,7.11,7.1,7.1,200,0
2015-11-25,18:55:00,7.1,7.11,7.1,7.11,1200,0
2015-11-25,19:00:00,7.12,7.15,7.12,7.13,1200,0
2015-11-25,19:10:00,7.14,7.15,7.14,7.15,500,0
2015-11-25,19:15:00,7.15,7.15,7.14,7.14,1800,0
2015-11-25,19:25:00,7.13,7.17,7.12,7.17,2484,0
2015-11-25,19:30:00,7.166,7.166,7.16,7.16,814,0
2015-11-25,19:35:00,7.165,7.165,7.16,7.16,300,0
2015-11-25,19:40:00,7.17,7.18,7.17,7.18,700,0
2015-11-25,19:45:00,7.17,7.17,7.17,7.17,200,0
2015-11-25,19:50:00,7.17,7.17,7.17,7.17,1000,0
2015-11-25,19:55:00,7.17,7.17,7.17,7.17,700,0
2015-11-25,20:00:00,7.18,7.18,7.18,7.18,100,0
2015-11-25,20:10:00,7.18,7.18,7.18,7.18,100,0
2015-11-25,20:15:00,7.1799,7.18,7.1799,7.18,400,0
2015-11-25,20:25:00,7.17,7.17,7.17,7.17,100,0
2015-11-25,20:30:00,7.18,7.18,7.17,7.175,300,0
2015-11-25,20:40:00,7.18,7.18,7.18,7.18,100,0
2015-11-25,20:45:00,7.1799,7.18,7.1761,7.18,2460,0
2015-11-25,20:50:00,7.17,7.17,7.17,7.17,100,0
2015-11-25,20:55:00,7.175,7.175,7.175,7.175,100,0
2015-11-25,21:00:00,7.18,7.18,7.175,7.175,300,0
2015-11-25,21:10:00,7.1705,7.18,7.1705,7.18,1285,0
2015-11-25,21:15:00,7.175,7.18,7.175,7.18,300,0
2015-11-25,21:20:00,7.18,7.18,7.18,7.18,100,0
2015-11-25,21:25:00,7.175,7.175,7.175,7.175,300,0
2015-11-25,21:30:00,7.18,7.18,7.18,7.18,2344,0
2015-11-25,21:35:00,7.18,7.18,7.18,7.18,326,0
2015-11-25,21:40:00,7.18,7.19,7.18,7.18,883,0
2015-11-25,21:45:00,7.18,7.18,7.13,7.14,12707,0
2015-11-25,21:50:00,7.14,7.14,7.13,7.14,2950,0
2015-11-25,21:55:00,7.14,7.15,7.13,7.14,4840,0
2015-11-25,22:00:00,7.13,7.14,7.13,7.14,16248,0
2015-11-27,15:35:00,7.12,7.12,7.12,7.12,2315,0
2015-11-27,15:45:00,7.15,7.15,7.15,7.15,700,0
2015-11-27,16:05:00,7.16,7.16,7.13,7.14,1100,0
2015-11-27,16:15:00,7.16,7.17,7.16,7.17,583,0
2015-11-27,16:20:00,7.16,7.17,7.13,7.17,1500,0
2015-11-27,16:25:00,7.2,7.2,7.16,7.16,1200,0
2015-11-27,16:30:00,7.18,7.18,7.18,7.18,300,0
2015-11-27,16:35:00,7.15,7.16,7.14,7.14,1847,0
2015-11-27,16:40:00,7.16,7.16,7.13,7.13,300,0
2015-11-27,16:45:00,7.131,7.17,7.131,7.17,1800,0
2015-11-27,16:55:00,7.15,7.15,7.12,7.12,500,0
2015-11-27,17:00:00,7.12,7.16,7.12,7.14,800,0
2015-11-27,17:10:00,7.15,7.18,7.1379,7.17,7300,0
2015-11-27,17:15:00,7.16,7.17,7.15,7.16,2913,0
2015-11-27,17:20:00,7.18,7.18,7.18,7.18,500,0
2015-11-27,17:25:00,7.18,7.18,7.16,7.18,900,0
2015-11-27,17:30:00,7.17,7.19,7.16,7.16,1800,0
2015-11-27,17:35:00,7.14,7.14,7.13,7.14,600,0
2015-11-27,17:40:00,7.14,7.16,7.14,7.16,300,0
2015-11-27,17:45:00,7.15,7.15,7.14,7.14,2900,0
2015-11-27,17:50:00,7.15,7.17,7.15,7.17,1300,0
2015-11-27,17:55:00,7.17,7.17,7.16,7.16,468,0
2015-11-27,18:00:00,7.16,7.17,7.16,7.17,1370,0
2015-11-27,18:05:00,7.17,7.17,7.16,7.16,300,0
2015-11-27,18:15:00,7.14,7.1655,7.14,7.1655,200,0
2015-11-27,18:25:00,7.14,7.17,7.14,7.16,1500,0
2015-11-27,18:35:00,7.16,7.16,7.14,7.14,200,0
2015-11-27,18:40:00,7.17,7.17,7.16,7.16,400,0
2015-11-27,18:45:00,7.14,7.14,7.14,7.14,100,0
2015-11-27,18:50:00,7.17,7.17,7.16,7.16,400,0
2015-11-27,18:55:00,7.17,7.17,7.14,7.16,1800,0
2015-11-27,19:00:00,7.15,7.16,7.14,7.16,935,0
2015-11-27,19:05:00,7.15,7.15,7.15,7.15,2648,0
2015-11-30,15:35:00,7.22,7.22,7.16,7.16,1880,0
2015-11-30,15:40:00,7.21,7.21,7.19,7.19,600,0
2015-11-30,15:45:00,7.2,7.24,7.1975,7.1975,1450,0
2015-11-30,15:50:00,7.21,7.21,7.195,7.21,500,0
2015-11-30,15:55:00,7.2,7.21,7.2,7.21,800,0
2015-11-30,16:00:00,7.21,7.21,7.17,7.17,700,0
2015-11-30,16:05:00,7.18,7.2,7.18,7.18,800,0
2015-11-30,16:10:00,7.19,7.26,7.19,7.26,6603,0
2015-11-30,16:15:00,7.25,7.25,7.25,7.25,400,0
2015-11-30,16:20:00,7.25,7.25,7.25,7.25,500,0
2015-11-30,16:25:00,7.25,7.29,7.25,7.26,11982,0
2015-11-30,16:30:00,7.29,7.29,7.23,7.265,3700,0
2015-11-30,16:35:00,7.25,7.26,7.25,7.26,914,0
2015-11-30,16:40:00,7.26,7.28,7.26,7.28,800,0
2015-11-30,16:45:00,7.28,7.28,7.27,7.28,400,0
2015-11-30,16:50:00,7.26,7.26,7.26,7.26,900,0
2015-11-30,16:55:00,7.26,7.26,7.25,7.25,1600,0
2015-11-30,17:00:00,7.24,7.25,7.235,7.25,2300,0
2015-11-30,17:05:00,7.24,7.24,7.23,7.23,2000,0
2015-11-30,17:10:00,7.23,7.23,7.225,7.23,2900,0
2015-11-30,17:15:00,7.23,7.23,7.22,7.22,1100,0
2015-11-30,17:20:00,7.21,7.21,7.2,7.2,2200,0
2015-11-30,17:25:00,7.2,7.21,7.2,7.21,900,0
2015-11-30,17:30:00,7.21,7.21,7.19,7.19,1008,0
2015-11-30,17:35:00,7.17,7.19,7.17,7.19,1531,0
2015-11-30,17:40:00,7.19,7.19,7.19,7.19,300,0
2015-11-30,17:45:00,7.19,7.19,7.19,7.19,300,0
2015-11-30,17:50:00,7.18,7.18,7.16,7.17,1500,0
2015-11-30,17:55:00,7.16,7.17,7.16,7.17,400,0
2015-11-30,18:00:00,7.17,7.17,7.16,7.16,1000,0
2015-11-30,18:05:00,7.155,7.155,7.155,7.155,100,0
2015-11-30,18:10:00,7.155,7.155,7.15,7.15,400,0
2015-11-30,18:15:00,7.14,7.14,7.13,7.13,1400,0
2015-11-30,18:20:00,7.125,7.125,7.115,7.115,900,0
2015-11-30,18:25:00,7.115,7.12,7.11,7.11,2100,0
2015-11-30,18:30:00,7.11,7.11,7.09,7.096,1100,0
2015-11-30,18:35:00,7.08,7.08,7.075,7.075,200,0
2015-11-30,18:40:00,7.07,7.08,7.07,7.08,2200,0
2015-11-30,18:45:00,7.075,7.075,7.075,7.075,100,0
2015-11-30,18:50:00,7.075,7.08,7.075,7.075,500,0
2015-11-30,18:55:00,7.07,7.08,7.07,7.08,200,0
2015-11-30,19:00:00,7.075,7.075,7.075,7.075,200,0
2015-11-30,19:05:00,7.075,7.075,7.05,7.065,3197,0
2015-11-30,19:10:00,7.07,7.07,7.06,7.06,449,0
2015-11-30,19:15:00,7.055,7.055,7.055,7.055,100,0
2015-11-30,19:20:00,7.06,7.065,7.055,7.065,2200,0
2015-11-30,19:25:00,7.065,7.065,7.065,7.065,992,0
2015-11-30,19:30:00,7.07,7.08,7.065,7.07,2900,0
2015-11-30,19:35:00,7.07,7.07,7.02,7.05,6400,0
2015-11-30,19:45:00,7.07,7.08,7.07,7.08,215,0
2015-11-30,19:50:00,7.07,7.08,7.07,7.07,484,0
2015-11-30,19:55:00,7.07,7.07,7.07,7.07,100,0
2015-11-30,20:00:00,7.08,7.115,7.07,7.115,2200,0
2015-11-30,20:05:00,7.115,7.115,7.09,7.1,1000,0
2015-11-30,20:15:00,7.1,7.1,7.09,7.1,1500,0
2015-11-30,20:20:00,7.1,7.1,7.09,7.095,1000,0
2015-11-30,20:25:00,7.095,7.095,7.075,7.075,1760,0
2015-11-30,20:30:00,7.08,7.09,7.08,7.09,2400,0
2015-11-30,20:35:00,7.085,7.09,7.08,7.09,500,0
2015-11-30,20:40:00,7.09,7.1,7.06,7.065,12892,0
2015-11-30,20:45:00,7.07,7.09,7.06,7.0887,3700,0
2015-11-30,20:50:00,7.1,7.1,7.08,7.1,1300,0
2015-11-30,20:55:00,7.08,7.08,7.08,7.08,400,0
2015-11-30,21:00:00,7.08,7.09,7.08,7.09,1963,0
2015-11-30,21:05:00,7.09,7.1,7.0899,7.0968,3878,0
2015-11-30,21:10:00,7.11,7.12,7.1,7.11,3000,0
2015-11-30,21:15:00,7.115,7.12,7.11,7.12,1300,0
2015-11-30,21:20:00,7.115,7.12,7.11,7.12,6316,0
2015-11-30,21:25:00,7.12,7.1399,7.12,7.1399,1703,0
2015-11-30,21:30:00,7.14,7.17,7.1399,7.16,2800,0
2015-11-30,21:35:00,7.155,7.18,7.155,7.18,9000,0
2015-11-30,21:40:00,7.1799,7.18,7.175,7.1799,1800,0
2015-11-30,21:45:00,7.175,7.18,7.17,7.175,2000,0
2015-11-30,21:50:00,7.175,7.2,7.17,7.195,6049,0
2015-11-30,21:55:00,7.2,7.215,7.17,7.18,7586,0
2015-11-30,22:00:00,7.1899,7.19,7.16,7.18,44780,0
2015-12-01,15:35:00,7.23,7.23,6.96,7.05,900,0
2015-12-01,15:40:00,7.14,7.14,7.14,7.14,100,0
2015-12-01,15:50:00,7.19,7.19,7.19,7.19,200,0
2015-12-01,15:55:00,7.2,7.2,7.19,7.19,700,0
2015-12-01,16:00:00,7.21,7.21,7.18,7.18,1300,0
2015-12-01,16:05:00,7.205,7.27,7.19,7.25,2200,0
2015-12-01,16:15:00,7.24,7.24,7.23,7.23,300,0
2015-12-01,16:20:00,7.18,7.18,7.15,7.17,628,0
2015-12-01,16:25:00,7.18,7.2,7.18,7.2,900,0
2015-12-01,16:30:00,7.21,7.22,7.21,7.22,1216,0
2015-12-01,16:35:00,7.21,7.21,7.17,7.175,2790,0
2015-12-01,16:40:00,7.17,7.2301,7.17,7.23,4465,0
2015-12-01,16:45:00,7.24,7.25,7.23,7.25,1800,0
2015-12-01,16:55:00,7.25,7.25,7.25,7.25,100,0
2015-12-01,17:00:00,7.25,7.25,7.2499,7.25,400,0
2015-12-01,17:05:00,7.23,7.235,7.23,7.23,600,0
2015-12-01,17:10:00,7.23,7.23,7.22,7.22,1300,0
2015-12-01,17:15:00,7.22,7.22,7.21,7.215,1200,0
2015-12-01,17:20:00,7.21,7.22,7.21,7.22,1500,0
2015-12-01,17:25:00,7.24,7.27,7.24,7.25,300,0
2015-12-01,17:30:00,7.25,7.25,7.22,7.22,2600,0
2015-12-01,17:35:00,7.21,7.22,7.21,7.22,2600,0
2015-12-01,17:40:00,7.22,7.22,7.2,7.21,2300,0
2015-12-01,17:45:00,7.205,7.205,7.205,7.205,100,0
2015-12-01,17:50:00,7.21,7.22,7.21,7.22,1300,0
2015-12-01,17:55:00,7.23,7.23,7.22,7.23,800,0
2015-12-01,18:00:00,7.23,7.23,7.23,7.23,100,0
2015-12-01,18:10:00,7.22,7.23,7.22,7.23,1300,0
2015-12-01,18:15:00,7.23,7.23,7.23,7.23,200,0
2015-12-01,18:20:00,7.23,7.23,7.23,7.23,100,0
2015-12-01,18:25:00,7.23,7.23,7.23,7.23,600,0
2015-12-01,18:30:00,7.25,7.27,7.25,7.27,800,0
2015-12-01,18:35:00,7.26,7.26,7.26,7.26,100,0
2015-12-01,18:40:00,7.25,7.25,7.25,7.25,100,0
2015-12-01,18:45:00,7.25,7.25,7.24,7.24,1900,0
2015-12-01,18:50:00,7.24,7.24,7.24,7.24,600,0
2015-12-01,18:55:00,7.24,7.24,7.24,7.24,900,0
2015-12-01,19:00:00,7.25,7.25,7.25,7.25,100,0
2015-12-01,19:10:00,7.25,7.25,7.25,7.25,1100,0
2015-12-01,19:15:00,7.25,7.26,7.24,7.24,600,0
2015-12-01,19:20:00,7.25,7.25,7.25,7.25,1100,0
2015-12-01,19:25:00,7.26,7.26,7.25,7.255,300,0
2015-12-01,19:30:00,7.26,7.26,7.24,7.24,2200,0
2015-12-01,19:35:00,7.24,7.24,7.24,7.24,1000,0
2015-12-01,19:45:00,7.2422,7.25,7.24,7.24,3360,0
2015-12-01,19:50:00,7.24,7.245,7.24,7.24,1000,0
2015-12-01,19:55:00,7.25,7.25,7.25,7.25,1150,0
2015-12-01,20:00:00,7.24,7.24,7.24,7.24,1200,0
2015-12-01,20:05:00,7.25,7.25,7.25,7.25,100,0
2015-12-01,20:10:00,7.24,7.26,7.23,7.26,9300,0
2015-12-01,20:15:00,7.265,7.28,7.26,7.28,900,0
2015-12-01,20:20:00,7.28,7.3,7.27,7.27,300,0
2015-12-01,20:25:00,7.3,7.3,7.3,7.3,100,0
2015-12-01,20:30:00,7.29,7.3,7.29,7.3,600,0
2015-12-01,20:35:00,7.3098,7.31,7.295,7.295,2897,0
2015-12-01,20:40:00,7.3,7.3,7.29,7.29,2400,0
2015-12-01,20:45:00,7.28,7.2932,7.28,7.2932,1400,0
2015-12-01,20:50:00,7.29,7.295,7.285,7.29,2900,0
2015-12-01,20:55:00,7.295,7.295,7.27,7.27,3500,0
2015-12-01,21:00:00,7.27,7.27,7.27,7.27,100,0
2015-12-01,21:05:00,7.275,7.275,7.27,7.27,2700,0
2015-12-01,21:10:00,7.27,7.28,7.27,7.27,800,0
2015-12-01,21:15:00,7.27,7.275,7.27,7.275,300,0
2015-12-01,21:20:00,7.27,7.275,7.26,7.27,14300,0
2015-12-01,21:25:00,7.265,7.28,7.25,7.28,3900,0
2015-12-01,21:30:00,7.28,7.28,7.27,7.27,400,0
2015-12-01,21:35:00,7.26,7.3,7.26,7.28,1959,0
2015-12-01,21:40:00,7.28,7.285,7.28,7.285,400,0
2015-12-01,21:45:00,7.29,7.29,7.28,7.29,800,0
2015-12-01,21:50:00,7.28,7.29,7.27,7.275,6122,0
2015-12-01,21:55:00,7.27,7.27,7.26,7.265,12439,0
2015-12-01,22:00:00,7.27,7.29,7.27,7.29,23580,0
2015-12-02,15:35:00,7.31,7.34,7.27,7.27,1157,0
2015-12-02,15:40:00,7.325,7.325,7.325,7.325,100,0
2015-12-02,15:45:00,7.32,7.34,7.32,7.34,300,0
2015-12-02,15:50:00,7.315,7.315,7.315,7.315,100,0
2015-12-02,15:55:00,7.32,7.36,7.32,7.36,900,0
2015-12-02,16:00:00,7.33,7.34,7.31,7.34,900,0
2015-12-02,16:05:00,7.37,7.38,7.37,7.37,600,0
2015-12-02,16:10:00,7.36,7.36,7.36,7.36,100,0
2015-12-02,16:25:00,7.37,7.37,7.37,7.37,100,0
2015-12-02,16:30:00,7.35,7.385,7.35,7.37,2000,0
2015-12-02,16:35:00,7.37,7.3925,7.37,7.3925,500,0
2015-12-02,16:40:00,7.37,7.37,7.37,7.37,300,0
2015-12-02,16:45:00,7.385,7.41,7.385,7.41,2334,0
2015-12-02,16:50:00,7.41,7.42,7.4,7.42,900,0
2015-12-02,16:55:00,7.415,7.47,7.415,7.47,3898,0
2015-12-02,17:00:00,7.47,7.47,7.46,7.46,900,0
2015-12-02,17:05:00,7.46,7.46,7.46,7.46,2600,0
2015-12-02,17:10:00,7.46,7.46,7.46,7.46,300,0
2015-12-02,17:15:00,7.46,7.49,7.46,7.49,1300,0
2015-12-02,17:20:00,7.49,7.5,7.46,7.46,7242,0
2015-12-02,17:25:00,7.47,7.47,7.47,7.47,100,0
2015-12-02,17:30:00,7.48,7.48,7.48,7.48,100,0
2015-12-02,17:35:00,7.49,7.49,7.48,7.48,400,0
2015-12-02,17:45:00,7.47,7.48,7.47,7.48,1000,0
2015-12-02,17:55:00,7.48,7.48,7.48,7.48,200,0
2015-12-02,18:00:00,7.46,7.46,7.45,7.45,1650,0
2015-12-02,18:05:00,7.41,7.41,7.41,7.41,100,0
2015-12-02,18:10:00,7.41,7.41,7.41,7.41,300,0
2015-12-02,18:15:00,7.42,7.43,7.41,7.41,3900,0
2015-12-02,18:20:00,7.4101,7.4101,7.4,7.4,1500,0
2015-12-02,18:25:00,7.38,7.39,7.38,7.38,1000,0
2015-12-02,18:30:00,7.38,7.38,7.37,7.379,600,0
2015-12-02,18:35:00,7.37,7.37,7.37,7.37,500,0
2015-12-02,18:40:00,7.37,7.3758,7.34,7.37,5300,0
2015-12-02,18:45:00,7.38,7.38,7.3601,7.38,1400,0
2015-12-02,18:50:00,7.4,7.4,7.3989,7.3989,500,0
2015-12-02,18:55:00,7.395,7.4,7.395,7.4,500,0
2015-12-02,19:00:00,7.4,7.4,7.395,7.395,1300,0
2015-12-02,19:05:00,7.39,7.395,7.39,7.39,2300,0
2015-12-02,19:10:00,7.39,7.4,7.39,7.39,2000,0
2015-12-02,19:15:00,7.398,7.4,7.3958,7.4,3700,0
2015-12-02,19:20:00,7.4,7.4,7.3932,7.3932,3150,0
2015-12-02,19:25:00,7.4,7.4,7.3932,7.3932,2400,0
2015-12-02,19:30:00,7.4,7.4,7.3932,7.4,1900,0
2015-12-02,19:35:00,7.3989,7.4,7.395,7.4,3984,0
2015-12-02,19:40:00,7.395,7.4,7.395,7.395,600,0
2015-12-02,19:45:00,7.391,7.4,7.391,7.4,900,0
2015-12-02,19:50:00,7.395,7.4,7.395,7.4,600,0
2015-12-02,19:55:00,7.395,7.4,7.39,7.39,88600,0
2015-12-02,20:00:00,7.395,7.4,7.38,7.38,4000,0
2015-12-02,20:05:00,7.38,7.38,7.37,7.375,797,0
2015-12-02,20:10:00,7.38,7.38,7.37,7.37,1398,0
2015-12-02,20:15:00,7.37,7.375,7.37,7.375,600,0
2015-12-02,20:20:00,7.37,7.375,7.37,7.375,700,0
2015-12-02,20:25:00,7.37,7.37,7.37,7.37,2100,0
2015-12-02,20:30:00,7.37,7.37,7.34,7.34,1512,0
2015-12-02,20:35:00,7.34,7.34,7.3,7.3,3000,0
2015-12-02,20:40:00,7.31,7.33,7.31,7.33,600,0
2015-12-02,20:45:00,7.32,7.33,7.31,7.32,1100,0
2015-12-02,20:50:00,7.3,7.315,7.3,7.3,400,0
2015-12-02,20:55:00,7.3,7.31,7.3,7.3,300,0
2015-12-02,21:00:00,7.33,7.33,7.3,7.33,1200,0
2015-12-02,21:05:00,7.32,7.32,7.3,7.3,3033,0
2015-12-02,21:10:00,7.31,7.31,7.29,7.31,2100,0
2015-12-02,21:15:00,7.312,7.36,7.312,7.36,3417,0
2015-12-02,21:20:00,7.36,7.36,7.36,7.36,100,0
2015-12-02,21:25:00,7.35,7.35,7.34,7.35,967,0
2015-12-02,21:30:00,7.33,7.34,7.33,7.33,1300,0
2015-12-02,21:35:00,7.35,7.35,7.32,7.32,200,0
2015-12-02,21:40:00,7.32,7.34,7.32,7.32,300,0
2015-12-02,21:45:00,7.34,7.35,7.33,7.35,2300,0
2015-12-02,21:50:00,7.335,7.35,7.32,7.33,3700,0
2015-12-02,21:55:00,7.33,7.33,7.32,7.32,2500,0
2015-12-02,22:00:00,7.32,7.34,7.32,7.32,11384,0
2015-12-03,15:35:00,7.3,7.3,7.28,7.28,2722,0
2015-12-03,15:40:00,7.31,7.32,7.31,7.32,900,0
2015-12-03,15:45:00,7.32,7.33,7.32,7.32,649,0
2015-12-03,15:50:00,7.31,7.31,7.27,7.27,200,0
2015-12-03,15:55:00,7.28,7.28,7.28,7.28,100,0
2015-12-03,16:00:00,7.27,7.27,7.25,7.25,400,0
2015-12-03,16:05:00,7.27,7.33,7.27,7.31,1270,0
2015-12-03,16:10:00,7.28,7.28,7.26,7.26,300,0
2015-12-03,16:15:00,7.27,7.27,7.27,7.27,200,0
2015-12-03,16:20:00,7.29,7.29,7.29,7.29,700,0
2015-12-03,16:25:00,7.27,7.27,7.23,7.23,1500,0
2015-12-03,16:35:00,7.23,7.23,7.2,7.2,823,0
2015-12-03,16:45:00,7.21,7.265,7.21,7.265,1800,0
2015-12-03,16:50:00,7.26,7.28,7.26,7.265,300,0
2015-12-03,16:55:00,7.3,7.3,7.28,7.29,1021,0
2015-12-03,17:05:00,7.3,7.3,7.3,7.3,100,0
2015-12-03,17:10:00,7.29,7.3,7.29,7.3,1700,0
2015-12-03,17:15:00,7.3,7.3,7.3,7.3,300,0
2015-12-03,17:20:00,7.32,7.33,7.32,7.32,1400,0
2015-12-03,17:25:00,7.32,7.32,7.29,7.29,900,0
2015-12-03,17:35:00,7.29,7.29,7.29,7.29,100,0
2015-12-03,17:40:00,7.29,7.29,7.29,7.29,100,0
2015-12-03,17:45:00,7.3,7.3,7.3,7.3,100,0
2015-12-03,17:50:00,7.3,7.3,7.27,7.27,500,0
2015-12-03,17:55:00,7.2799,7.2799,7.26,7.27,1751,0
2015-12-03,18:00:00,7.28,7.28,7.28,7.28,200,0
2015-12-03,18:05:00,7.28,7.28,7.26,7.26,500,0
2015-12-03,18:20:00,7.24,7.24,7.24,7.24,100,0
2015-12-03,18:25:00,7.24,7.25,7.23,7.23,400,0
2015-12-03,18:30:00,7.22,7.22,7.19,7.19,1000,0
2015-12-03,18:35:00,7.203,7.21,7.2,7.205,1428,0
2015-12-03,18:40:00,7.205,7.22,7.2,7.22,2400,0
2015-12-03,18:50:00,7.22,7.22,7.215,7.22,1500,0
2015-12-03,18:55:00,7.23,7.23,7.23,7.23,100,0
2015-12-03,19:00:00,7.21,7.22,7.21,7.21,300,0
2015-12-03,19:05:00,7.2,7.205,7.14,7.16,4200,0
2015-12-03,19:10:00,7.16,7.17,7.16,7.17,600,0
2015-12-03,19:15:00,7.18,7.18,7.1701,7.18,1700,0
2015-12-03,19:20:00,7.18,7.2,7.18,7.2,1500,0
2015-12-03,19:25:00,7.19,7.19,7.17,7.17,3400,0
2015-12-03,19:30:00,7.17,7.17,7.15,7.15,1400,0
2015-12-03,19:35:00,7.15,7.15,7.15,7.15,600,0
2015-12-03,19:40:00,7.15,7.15,7.12,7.12,1600,0
2015-12-03,19:45:00,7.13,7.13,7.125,7.13,2200,0
2015-12-03,19:50:00,7.13,7.13,7.12,7.12,1200,0
2015-12-03,19:55:00,7.12,7.12,7.1138,7.12,2758,0
2015-12-03,20:00:00,7.115,7.115,7.09,7.1,1500,0
2015-12-03,20:05:00,7.09,7.09,7.06,7.06,1163,0
2015-12-03,20:10:00,7.05,7.05,7.04,7.05,1310,0
2015-12-03,20:15:00,7.06,7.08,7.06,7.08,1000,0
2015-12-03,20:20:00,7.07,7.07,7.06,7.06,600,0
2015-12-03,20:25:00,7.055,7.055,7.055,7.055,700,0
2015-12-03,20:30:00,7.04,7.04,7.02,7.04,1400,0
2015-12-03,20:35:00,7.04,7.04,7.04,7.04,700,0
2015-12-03,20:40:00,7.05,7.05,7.04,7.05,1700,0
2015-12-03,20:45:00,7.04,7.06,7.03,7.04,1572,0
2015-12-03,20:50:00,7.035,7.035,7.035,7.035,100,0
2015-12-03,20:55:00,7.04,7.06,7.04,7.06,1500,0
2015-12-03,21:00:00,7.075,7.075,7.07,7.07,600,0
2015-12-03,21:05:00,7.07,7.07,7.05,7.05,3700,0
2015-12-03,21:10:00,7.05,7.05,7.05,7.05,100,0
2015-12-03,21:15:00,7.04,7.05,7.04,7.04,405,0
2015-12-03,21:20:00,7.05,7.05,7.04,7.04,300,0
2015-12-03,21:25:00,7.04,7.05,7.04,7.04,700,0
2015-12-03,21:30:00,7.05,7.06,7.05,7.05,3065,0
2015-12-03,21:35:00,7.04,7.04,7.01,7.04,2438,0
2015-12-03,21:40:00,7.04,7.05,7.04,7.05,1768,0
2015-12-03,21:45:00,7.05,7.0598,7.03,7.04,1800,0
2015-12-03,21:50:00,7.03,7.045,7.03,7.045,2000,0
2015-12-03,21:55:00,7.04,7.05,7.03,7.05,3819,0
2015-12-03,22:00:00,7.06,7.06,7.04,7.05,25982,0
2015-12-04,15:35:00,7.03,7.08,6.99,7.01,5557,0
2015-12-04,15:40:00,7.01,7.03,6.96,7.03,2000,0
2015-12-04,15:45:00,7.13,7.13,7.03,7.03,1600,0
2015-12-04,15:50:00,7.07,7.07,7.03,7.03,200,0
2015-12-04,16:00:00,7.03,7.03,7.03,7.03,200,0
2015-12-04,16:15:00,7.02,7.05,7.02,7.05,1814,0
2015-12-04,16:25:00,7.05,7.05,7.01,7.01,400,0
2015-12-04,16:40:00,7.03,7.1,7.03,7.07,2485,0
2015-12-04,16:45:00,7.06,7.08,7.06,7.07,900,0
2015-12-04,16:55:00,7.08,7.12,7.08,7.12,800,0
2015-12-04,17:00:00,7.12,7.12,7.1,7.1,3300,0
2015-12-04,17:10:00,7.1,7.11,7.07,7.09,3036,0
2015-12-04,17:15:00,7.1,7.1,7.08,7.08,434,0
2015-12-04,17:20:00,7.09,7.09,7.07,7.0701,4300,0
2015-12-04,17:25:00,7.07,7.07,7.04,7.06,2150,0
2015-12-04,17:30:00,7.06,7.06,7.01,7.01,6419,0
2015-12-04,17:35:00,7.02,7.03,7.02,7.03,300,0
2015-12-04,17:40:00,7.05,7.05,7.05,7.05,100,0
2015-12-04,17:55:00,7.045,7.045,7,7,2200,0
2015-12-04,18:00:00,7.02,7.02,7,7.01,600,0
2015-12-04,18:10:00,7.015,7.06,7,7,11594,0
2015-12-04,18:15:00,7.02,7.06,7.02,7.05,4111,0
2015-12-04,18:20:00,7.05,7.09,7.04,7.06,5907,0
2015-12-04,18:25:00,7.0668,7.11,7.0668,7.1,6500,0
2015-12-04,18:30:00,7.105,7.11,7.09,7.1,4800,0
2015-12-04,18:35:00,7.1,7.1,7.09,7.1,1200,0
2015-12-04,18:40:00,7.11,7.11,7.09,7.0901,1000,0
2015-12-04,18:45:00,7.1,7.1,7.09,7.09,900,0
2015-12-04,19:05:00,7.1,7.1,7.09,7.09,2300,0
2015-12-04,19:10:00,7.095,7.0999,7.09,7.0999,1100,0
2015-12-04,19:15:00,7.095,7.1,7.09,7.095,2400,0
2015-12-04,19:20:00,7.095,7.1,7.09,7.09,1200,0
2015-12-04,19:25:00,7.1,7.11,7.05,7.07,21254,0
2015-12-04,19:30:00,7.07,7.07,7.02,7.03,8198,0
2015-12-04,19:35:00,7.04,7.07,7.03,7.05,800,0
2015-12-04,19:40:00,7.06,7.06,7,7.01,15594,0
2015-12-04,19:45:00,7.01,7.01,7.01,7.01,2501,0
2015-12-04,19:50:00,7.01,7.01,7,7.01,1499,0
2015-12-04,19:55:00,7,7.01,7,7.01,800,0
2015-12-04,20:00:00,7.01,7.01,7.0001,7.01,1200,0
2015-12-04,20:05:00,7.02,7.04,7.02,7.04,1550,0
2015-12-04,20:10:00,7.05,7.05,7.05,7.05,100,0
2015-12-04,20:15:00,7.05,7.05,7.05,7.05,100,0
2015-12-04,20:20:00,7.05,7.06,7.045,7.0525,2000,0
2015-12-04,20:25:00,7.04,7.045,7.02,7.03,5500,0
2015-12-04,20:30:00,7.03,7.04,7.03,7.04,700,0
2015-12-04,20:35:00,7.05,7.05,7.05,7.05,100,0
2015-12-04,20:40:00,7.045,7.05,7.045,7.05,200,0
2015-12-04,20:45:00,7.05,7.05,7.04,7.05,1200,0
2015-12-04,20:50:00,7.0499,7.06,7.0499,7.06,900,0
2015-12-04,20:55:00,7.06,7.07,7.06,7.07,300,0
2015-12-04,21:00:00,7.09,7.09,7.09,7.09,400,0
2015-12-04,21:05:00,7.09,7.09,7.06,7.06,2500,0
2015-12-04,21:10:00,7.08,7.08,7.06,7.08,1300,0
2015-12-04,21:15:00,7.07,7.07,7.05,7.055,2900,0
2015-12-04,21:20:00,7.06,7.09,7.055,7.06,3050,0
2015-12-04,21:25:00,7.075,7.084,7.07,7.084,1000,0
2015-12-04,21:30:00,7.08,7.09,7.075,7.08,1000,0
2015-12-04,21:35:00,7.075,7.08,7.07,7.075,1100,0
2015-12-04,21:40:00,7.075,7.08,7.05,7.055,3410,0
2015-12-04,21:45:00,7.055,7.06,7.05,7.055,1640,0
2015-12-04,21:50:00,7.05,7.09,7.05,7.07,8569,0
2015-12-04,21:55:00,7.075,7.08,7.055,7.06,8933,0
2015-12-04,22:00:00,7.05,7.06,7.05,7.06,26231,0
2015-12-07,15:35:00,7.03,7.03,7.03,7.03,439,0
2015-12-07,15:40:00,6.96,6.97,6.912,6.96,2302,0
2015-12-07,15:50:00,7,7,6.95,6.95,1100,0
2015-12-07,15:55:00,6.95,6.95,6.95,6.95,100,0
2015-12-07,16:00:00,6.91,6.91,6.9,6.9,500,0
2015-12-07,16:05:00,6.92,6.96,6.9199,6.95,2900,0
2015-12-07,16:10:00,6.95,6.95,6.884,6.884,3165,0
2015-12-07,16:15:00,6.9,6.92,6.9,6.906,656,0
2015-12-07,16:20:00,6.91,6.95,6.91,6.95,2865,0
2015-12-07,16:25:00,6.95,6.97,6.95,6.97,500,0
2015-12-07,16:30:00,6.98,6.98,6.92,6.96,3446,0
2015-12-07,16:35:00,6.95,6.97,6.95,6.97,2000,0
2015-12-07,16:40:00,6.98,6.99,6.98,6.99,1600,0
2015-12-07,16:45:00,7.01,7.01,6.96,6.97,4240,0
2015-12-07,16:50:00,6.97,6.98,6.97,6.97,700,0
2015-12-07,16:55:00,6.97,6.97,6.97,6.97,100,0
2015-12-07,17:00:00,6.98,6.98,6.98,6.98,100,0
2015-12-07,17:05:00,6.96,6.96,6.955,6.955,300,0
2015-12-07,17:15:00,6.96,6.96,6.96,6.96,200,0
2015-12-07,17:20:00,6.94,6.94,6.88,6.94,8153,0
2015-12-07,17:25:00,6.91,6.925,6.91,6.925,1600,0
2015-12-07,17:30:00,6.92,6.93,6.9,6.91,1850,0
2015-12-07,17:40:00,6.92,6.92,6.92,6.92,100,0
2015-12-07,17:45:00,6.91,6.93,6.91,6.91,2700,0
2015-12-07,17:55:00,6.915,6.93,6.915,6.925,1200,0
2015-12-07,18:00:00,6.92,6.95,6.92,6.95,7400,0
2015-12-07,18:05:00,6.95,6.95,6.945,6.95,1690,0
2015-12-07,18:10:00,6.94,6.945,6.93,6.94,2400,0
2015-12-07,18:25:00,6.94,6.94,6.94,6.94,100,0
2015-12-07,18:30:00,6.92,6.925,6.91,6.91,700,0
2015-12-07,18:35:00,6.9,6.9,6.89,6.89,300,0
2015-12-07,18:40:00,6.89,6.89,6.89,6.89,100,0
2015-12-07,18:45:00,6.88,6.88,6.87,6.87,400,0
2015-12-07,18:50:00,6.86,6.86,6.86,6.86,200,0
2015-12-07,18:55:00,6.86,6.87,6.84,6.84,3600,0
2015-12-07,19:00:00,6.81,6.83,6.81,6.83,324,0
2015-12-07,19:05:00,6.83,6.83,6.83,6.83,100,0
2015-12-07,19:10:00,6.83,6.86,6.83,6.86,3985,0
2015-12-07,19:15:00,6.86,6.86,6.85,6.85,5500,0
2015-12-07,19:20:00,6.82,6.831,6.82,6.831,700,0
2015-12-07,19:40:00,6.83,6.835,6.83,6.835,1200,0
2015-12-07,19:45:00,6.81,6.83,6.81,6.83,400,0
2015-12-07,19:50:00,6.81,6.81,6.81,6.81,100,0
2015-12-07,19:55:00,6.81,6.81,6.81,6.81,100,0
2015-12-07,20:00:00,6.83,6.83,6.82,6.82,400,0
2015-12-07,20:05:00,6.82,6.83,6.82,6.82,1022,0
2015-12-07,20:10:00,6.83,6.83,6.81,6.81,2700,0
2015-12-07,20:15:00,6.8,6.8,6.78,6.782,800,0
2015-12-07,20:20:00,6.78,6.781,6.78,6.781,400,0
2015-12-07,20:25:00,6.79,6.795,6.785,6.795,1600,0
2015-12-07,20:30:00,6.79,6.79,6.78,6.785,400,0
2015-12-07,20:35:00,6.785,6.8,6.7673,6.7673,4200,0
2015-12-07,20:40:00,6.77,6.78,6.77,6.78,1200,0
2015-12-07,20:45:00,6.77,6.78,6.77,6.78,500,0
2015-12-07,20:50:00,6.78,6.78,6.77,6.775,1100,0
2015-12-07,20:55:00,6.7799,6.78,6.77,6.78,1700,0
2015-12-07,21:00:00,6.77,6.775,6.71,6.75,12080,0
2015-12-07,21:05:00,6.75,6.75,6.75,6.75,2057,0
2015-12-07,21:10:00,6.75,6.7699,6.75,6.7699,2100,0
2015-12-07,21:15:00,6.77,6.77,6.765,6.765,300,0
2015-12-07,21:20:00,6.765,6.765,6.765,6.765,300,0
2015-12-07,21:25:00,6.765,6.765,6.765,6.765,900,0
2015-12-07,21:30:00,6.7692,6.77,6.76,6.77,500,0
2015-12-07,21:35:00,6.77,6.77,6.76,6.765,5800,0
2015-12-07,21:40:00,6.77,6.78,6.76,6.77,9753,0
2015-12-07,21:45:00,6.78,6.78,6.77,6.77,1210,0
2015-12-07,21:50:00,6.79,6.79,6.77,6.78,10744,0
2015-12-07,21:55:00,6.79,6.79,6.78,6.79,4138,0
2015-12-07,22:00:00,6.795,6.799,6.76,6.78,38031,0
2015-12-08,15:35:00,6.71,6.74,6.64,6.64,1563,0
2015-12-08,15:40:00,6.64,6.71,6.64,6.7,1000,0
2015-12-08,15:45:00,6.69,6.7,6.69,6.7,200,0
2015-12-08,15:55:00,6.75,6.75,6.75,6.75,100,0
2015-12-08,16:00:00,6.73,6.73,6.7,6.7,800,0
2015-12-08,16:05:00,6.7105,6.72,6.7105,6.72,350,0
2015-12-08,16:10:00,6.72,6.72,6.71,6.71,1900,0
2015-12-08,16:15:00,6.705,6.72,6.705,6.72,600,0
2015-12-08,16:20:00,6.72,6.72,6.68,6.69,600,0
2015-12-08,16:25:00,6.665,6.665,6.665,6.665,100,0
2015-12-08,16:30:00,6.65,6.665,6.65,6.65,300,0
2015-12-08,16:35:00,6.66,6.68,6.645,6.68,1300,0
2015-12-08,16:40:00,6.7,6.7,6.695,6.695,200,0
2015-12-08,16:45:00,6.69,6.69,6.67,6.68,1600,0
2015-12-08,16:50:00,6.68,6.715,6.675,6.6827,3744,0
2015-12-08,16:55:00,6.685,6.705,6.68,6.7,2700,0
2015-12-08,17:00:00,6.7022,6.71,6.7,6.7,3600,0
2015-12-08,17:05:00,6.7,6.73,6.69,6.73,1400,0
2015-12-08,17:10:00,6.735,6.74,6.73,6.73,700,0
2015-12-08,17:15:00,6.72,6.73,6.715,6.73,3411,0
2015-12-08,17:20:00,6.7201,6.735,6.7201,6.735,1100,0
2015-12-08,17:25:00,6.73,6.73,6.72,6.73,800,0
2015-12-08,17:30:00,6.73,6.73,6.68,6.7,2500,0
2015-12-08,17:35:00,6.69,6.7,6.67,6.69,3383,0
2015-12-08,17:40:00,6.695,6.695,6.675,6.675,1200,0
2015-12-08,17:45:00,6.67,6.68,6.66,6.68,3500,0
2015-12-08,17:50:00,6.6999,6.6999,6.6999,6.6999,500,0
2015-12-08,17:55:00,6.685,6.69,6.67,6.69,800,0
2015-12-08,18:00:00,6.69,6.69,6.685,6.685,1600,0
2015-12-08,18:05:00,6.685,6.685,6.65,6.655,1900,0
2015-12-08,18:10:00,6.65,6.665,6.62,6.665,1960,0
2015-12-08,18:15:00,6.675,6.675,6.675,6.675,100,0
2015-12-08,18:20:00,6.67,6.67,6.66,6.66,200,0
2015-12-08,18:25:00,6.64,6.65,6.64,6.65,1140,0
2015-12-08,18:30:00,6.655,6.655,6.655,6.655,100,0
2015-12-08,18:35:00,6.655,6.655,6.655,6.655,100,0
2015-12-08,18:40:00,6.655,6.655,6.64,6.65,1100,0
2015-12-08,18:45:00,6.65,6.65,6.64,6.64,500,0
2015-12-08,18:50:00,6.65,6.65,6.63,6.63,1000,0
2015-12-08,18:55:00,6.64,6.66,6.63,6.66,2200,0
2015-12-08,19:00:00,6.66,6.66,6.655,6.655,400,0
2015-12-08,19:05:00,6.65,6.66,6.65,6.66,1000,0
2015-12-08,19:10:00,6.655,6.655,6.63,6.65,1400,0
2015-12-08,19:15:00,6.65,6.67,6.65,6.67,500,0
2015-12-08,19:20:00,6.66,6.6698,6.64,6.64,1353,0
2015-12-08,19:25:00,6.64,6.64,6.62,6.62,700,0
2015-12-08,19:30:00,6.61,6.62,6.61,6.62,4630,0
2015-12-08,19:35:00,6.635,6.635,6.635,6.635,100,0
2015-12-08,19:40:00,6.63,6.64,6.63,6.63,1700,0
2015-12-08,19:45:00,6.62,6.63,6.62,6.62,500,0
2015-12-08,19:50:00,6.63,6.64,6.62,6.62,1503,0
2015-12-08,19:55:00,6.625,6.625,6.615,6.615,1400,0
2015-12-08,20:00:00,6.615,6.625,6.605,6.6099,3000,0
2015-12-08,20:05:00,6.605,6.63,6.6,6.625,2818,0
2015-12-08,20:10:00,6.625,6.64,6.625,6.64,1100,0
2015-12-08,20:15:00,6.67,6.67,6.64,6.6699,1400,0
2015-12-08,20:20:00,6.65,6.67,6.63,6.63,1400,0
2015-12-08,20:25:00,6.63,6.63,6.63,6.63,790,0
2015-12-08,20:30:00,6.63,6.63,6.62,6.62,200,0
2015-12-08,20:35:00,6.62,6.62,6.62,6.62,100,0
2015-12-08,20:40:00,6.63,6.63,6.61,6.625,2200,0
2015-12-08,20:45:00,6.64,6.64,6.64,6.64,800,0
2015-12-08,20:50:00,6.64,6.64,6.62,6.63,2000,0
2015-12-08,20:55:00,6.62,6.625,6.615,6.625,5055,0
2015-12-08,21:00:00,6.62,6.62,6.62,6.62,100,0
2015-12-08,21:05:00,6.61,6.62,6.61,6.62,300,0
2015-12-08,21:10:00,6.61,6.62,6.59,6.62,4400,0
2015-12-08,21:15:00,6.6,6.63,6.59,6.6,6287,0
2015-12-08,21:20:00,6.6,6.6,6.55,6.5835,11419,0
2015-12-08,21:25:00,6.59,6.63,6.59,6.6,1785,0
2015-12-08,21:30:00,6.63,6.63,6.58,6.58,3014,0
2015-12-08,21:35:00,6.58,6.61,6.58,6.58,4100,0
2015-12-08,21:40:00,6.58,6.6,6.58,6.59,1200,0
2015-12-08,21:45:00,6.59,6.595,6.55,6.57,8836,0
2015-12-08,21:50:00,6.59,6.6,6.56,6.59,7400,0
2015-12-08,21:55:00,6.59,6.61,6.58,6.59,4776,0
2015-12-08,22:00:00,6.59,6.61,6.57,6.57,24280,0
2015-12-09,15:35:00,6.55,6.55,6.5001,6.5001,1100,0
2015-12-09,15:40:00,6.54,6.54,6.54,6.54,100,0
2015-12-09,15:50:00,6.54,6.58,6.54,6.58,600,0
2015-12-09,15:55:00,6.59,6.59,6.57,6.57,1300,0
2015-12-09,16:00:00,6.57,6.57,6.57,6.57,1200,0
2015-12-09,16:05:00,6.57,6.57,6.56,6.56,400,0
2015-12-09,16:10:00,6.57,6.57,6.56,6.56,1100,0
2015-12-09,16:15:00,6.57,6.57,6.56,6.57,700,0
2015-12-09,16:20:00,6.59,6.59,6.57,6.57,641,0
2015-12-09,16:25:00,6.55,6.5501,6.51,6.51,5000,0
2015-12-09,16:30:00,6.54,6.59,6.54,6.57,1400,0
2015-12-09,16:35:00,6.57,6.63,6.57,6.59,3100,0
2015-12-09,16:40:00,6.59,6.59,6.5779,6.5779,2400,0
2015-12-09,16:50:00,6.59,6.6,6.585,6.585,3300,0
2015-12-09,16:55:00,6.6,6.6,6.6,6.6,100,0
2015-12-09,17:00:00,6.5703,6.6,6.57,6.6,2415,0
2015-12-09,17:05:00,6.57,6.58,6.555,6.56,4104,0
2015-12-09,17:10:00,6.56,6.56,6.56,6.56,500,0
2015-12-09,17:15:00,6.55,6.55,6.53,6.55,1000,0
2015-12-09,17:20:00,6.54,6.55,6.5,6.53,6500,0
2015-12-09,17:25:00,6.51,6.53,6.51,6.515,2500,0
2015-12-09,17:30:00,6.515,6.515,6.5,6.5,1500,0
2015-12-09,17:35:00,6.5,6.5,6.49,6.495,4099,0
2015-12-09,17:40:00,6.5,6.51,6.491,6.51,1700,0
2015-12-09,17:45:00,6.5,6.5,6.5,6.5,100,0
2015-12-09,17:50:00,6.51,6.51,6.49,6.51,300,0
2015-12-09,17:55:00,6.51,6.51,6.49,6.51,500,0
2015-12-09,18:00:00,6.51,6.51,6.5,6.509,4300,0
2015-12-09,18:05:00,6.5,6.55,6.5,6.54,4700,0
2015-12-09,18:10:00,6.54,6.54,6.53,6.53,800,0
2015-12-09,18:15:00,6.53,6.53,6.53,6.53,600,0
2015-12-09,18:20:00,6.5201,6.5201,6.505,6.505,1000,0
2015-12-09,18:25:00,6.505,6.505,6.49,6.49,500,0
2015-12-09,18:30:00,6.48,6.485,6.48,6.485,900,0
2015-12-09,18:35:00,6.485,6.485,6.485,6.485,300,0
2015-12-09,18:40:00,6.485,6.485,6.46,6.46,1420,0
2015-12-09,18:45:00,6.45,6.47,6.45,6.47,200,0
2015-12-09,18:50:00,6.455,6.47,6.455,6.46,400,0
2015-12-09,18:55:00,6.47,6.47,6.46,6.4675,1100,0
2015-12-09,19:00:00,6.48,6.48,6.47,6.47,800,0
2015-12-09,19:05:00,6.47,6.47,6.445,6.445,2800,0
2015-12-09,19:10:00,6.44,6.44,6.43,6.44,800,0
2015-12-09,19:15:00,6.43,6.45,6.43,6.45,300,0
2015-12-09,19:20:00,6.45,6.45,6.43,6.43,608,0
2015-12-09,19:25:00,6.43,6.43,6.42,6.42,400,0
2015-12-09,19:30:00,6.41,6.43,6.41,6.42,300,0
2015-12-09,19:35:00,6.42,6.42,6.41,6.41,1100,0
2015-12-09,19:40:00,6.42,6.43,6.42,6.43,900,0
2015-12-09,19:45:00,6.43,6.47,6.43,6.47,800,0
2015-12-09,19:55:00,6.47,6.47,6.47,6.47,300,0
2015-12-09,20:00:00,6.47,6.48,6.47,6.48,300,0
2015-12-09,20:05:00,6.48,6.48,6.48,6.48,100,0
2015-12-09,20:10:00,6.46,6.47,6.45,6.45,1200,0
2015-12-09,20:20:00,6.46,6.46,6.46,6.46,1000,0
2015-12-09,20:25:00,6.45,6.45,6.44,6.44,1500,0
2015-12-09,20:30:00,6.45,6.45,6.44,6.44,300,0
2015-12-09,20:35:00,6.45,6.45,6.45,6.45,300,0
2015-12-09,20:40:00,6.46,6.46,6.46,6.46,400,0
2015-12-09,20:45:00,6.47,6.47,6.47,6.47,400,0
2015-12-09,20:50:00,6.47,6.47,6.46,6.46,600,0
2015-12-09,21:00:00,6.46,6.47,6.46,6.47,300,0
2015-12-09,21:05:00,6.47,6.485,6.47,6.48,2250,0
2015-12-09,21:10:00,6.49,6.49,6.49,6.49,100,0
2015-12-09,21:15:00,6.49,6.49,6.4865,6.4865,300,0
2015-12-09,21:20:00,6.49,6.49,6.47,6.47,1300,0
2015-12-09,21:25:00,6.47,6.47,6.47,6.47,400,0
2015-12-09,21:30:00,6.49,6.4965,6.49,6.4965,500,0
2015-12-09,21:35:00,6.5,6.51,6.495,6.5,27000,0
2015-12-09,21:40:00,6.51,6.53,6.51,6.51,2500,0
2015-12-09,21:45:00,6.51,6.51,6.49,6.49,3300,0
2015-12-09,21:50:00,6.49,6.49,6.46,6.46,2100,0
2015-12-09,21:55:00,6.48,6.48,6.48,6.48,1100,0
2015-12-09,22:00:00,6.48,6.49,6.47,6.48,16101,0
2015-12-10,15:35:00,6.46,6.51,6.46,6.51,1463,0
2015-12-10,15:40:00,6.47,6.48,6.47,6.48,400,0
2015-12-10,15:50:00,6.52,6.52,6.51,6.51,400,0
2015-12-10,15:55:00,6.51,6.53,6.51,6.51,1900,0
2015-12-10,16:00:00,6.51,6.51,6.5,6.5,200,0
2015-12-10,16:05:00,6.5,6.54,6.49,6.54,17100,0
2015-12-10,16:10:00,6.525,6.6,6.5,6.55,21530,0
2015-12-10,16:15:00,6.57,6.57,6.565,6.565,900,0
2015-12-10,16:20:00,6.56,6.59,6.56,6.59,900,0
2015-12-10,16:25:00,6.59,6.61,6.59,6.6,500,0
2015-12-10,16:30:00,6.6,6.62,6.6,6.61,1600,0
2015-12-10,16:35:00,6.6,6.6,6.58,6.58,1100,0
2015-12-10,16:40:00,6.59,6.64,6.59,6.64,2416,0
2015-12-10,16:45:00,6.655,6.67,6.65,6.66,1600,0
2015-12-10,16:50:00,6.67,6.67,6.63,6.63,2100,0
2015-12-10,16:55:00,6.62,6.62,6.59,6.59,1200,0
2015-12-10,17:00:00,6.6,6.6,6.59,6.6,700,0
2015-12-10,17:05:00,6.6,6.63,6.6,6.63,1800,0
2015-12-10,17:10:00,6.64,6.65,6.64,6.64,1000,0
2015-12-10,17:15:00,6.64,6.65,6.64,6.64,500,0
2015-12-10,17:20:00,6.64,6.68,6.64,6.68,2800,0
2015-12-10,17:25:00,6.7,6.71,6.699,6.71,1900,0
2015-12-10,17:30:00,6.69,6.73,6.69,6.728,3060,0
2015-12-10,17:35:00,6.7225,6.76,6.7,6.72,5840,0
2015-12-10,17:40:00,6.7,6.71,6.69,6.71,2500,0
2015-12-10,17:45:00,6.69,6.69,6.67,6.68,900,0
2015-12-10,17:50:00,6.66,6.665,6.65,6.65,575,0
2015-12-10,17:55:00,6.65,6.66,6.65,6.65,900,0
2015-12-10,18:00:00,6.64,6.645,6.61,6.62,10400,0
2015-12-10,18:05:00,6.6,6.608,6.6,6.605,654,0
2015-12-10,18:10:00,6.61,6.62,6.59,6.5901,4200,0
2015-12-10,18:15:00,6.59,6.6,6.59,6.5925,629,0
2015-12-10,18:20:00,6.6,6.61,6.6,6.608,2900,0
2015-12-10,18:25:00,6.59,6.617,6.59,6.61,1400,0
2015-12-10,18:30:00,6.61,6.61,6.61,6.61,2098,0
2015-12-10,18:35:00,6.61,6.61,6.605,6.61,1400,0
2015-12-10,18:40:00,6.61,6.61,6.605,6.61,2000,0
2015-12-10,18:45:00,6.61,6.61,6.61,6.61,800,0
2015-12-10,18:50:00,6.61,6.61,6.61,6.61,700,0
2015-12-10,18:55:00,6.61,6.62,6.61,6.62,1200,0
2015-12-10,19:00:00,6.62,6.62,6.62,6.62,3200,0
2015-12-10,19:05:00,6.62,6.62,6.619,6.62,1700,0
2015-12-10,19:10:00,6.615,6.62,6.615,6.62,1900,0
2015-12-10,19:15:00,6.62,6.69,6.615,6.69,5600,0
2015-12-10,19:20:00,6.688,6.7,6.688,6.7,1000,0
2015-12-10,19:25:00,6.69,6.7,6.69,6.7,1000,0
2015-12-10,19:30:00,6.7,6.7,6.69,6.69,1400,0
2015-12-10,19:35:00,6.69,6.7,6.69,6.695,300,0
2015-12-10,19:40:00,6.69,6.7,6.685,6.7,2200,0
2015-12-10,19:45:00,6.7,6.7,6.7,6.7,500,0
2015-12-10,19:50:00,6.7,6.72,6.695,6.72,3141,0
2015-12-10,19:55:00,6.73,6.77,6.73,6.767,2423,0
2015-12-10,20:00:00,6.755,6.76,6.74,6.76,1400,0
2015-12-10,20:05:00,6.7599,6.76,6.74,6.76,2937,0
2015-12-10,20:15:00,6.75,6.755,6.75,6.75,1600,0
2015-12-10,20:20:00,6.74,6.76,6.74,6.76,5700,0
2015-12-10,20:25:00,6.76,6.78,6.76,6.78,5200,0
2015-12-10,20:30:00,6.77,6.77,6.77,6.77,100,0
2015-12-10,20:35:00,6.77,6.78,6.77,6.77,900,0
2015-12-10,20:40:00,6.79,6.79,6.78,6.78,300,0
2015-12-10,20:50:00,6.77,6.8,6.75,6.78,25830,0
2015-12-10,20:55:00,6.76,6.779,6.76,6.779,1745,0
2015-12-10,21:00:00,6.77,6.78,6.77,6.77,900,0
2015-12-10,21:05:00,6.76,6.78,6.76,6.77,500,0
2015-12-10,21:10:00,6.77,6.77,6.75,6.75,1100,0
2015-12-10,21:15:00,6.75,6.76,6.74,6.75,3778,0
2015-12-10,21:20:00,6.74,6.74,6.72,6.72,1306,0
2015-12-10,21:25:00,6.73,6.73,6.7,6.705,3300,0
2015-12-10,21:30:00,6.7,6.71,6.7,6.7,1800,0
2015-12-10,21:35:00,6.71,6.71,6.68,6.69,1700,0
2015-12-10,21:40:00,6.68,6.7,6.68,6.68,4773,0
2015-12-10,21:45:00,6.68,6.71,6.67,6.71,2267,0
2015-12-10,21:50:00,6.69,6.69,6.67,6.67,4000,0
2015-12-10,21:55:00,6.67,6.67,6.64,6.64,4324,0
2015-12-10,22:00:00,6.645,6.68,6.645,6.67,20376,0
2015-12-11,15:35:00,6.47,6.56,6.3812,6.56,11591,0
2015-12-11,15:40:00,6.515,6.57,6.5,6.53,13500,0
2015-12-11,15:45:00,6.56,6.595,6.56,6.595,500,0
2015-12-11,15:50:00,6.555,6.575,6.55,6.57,1300,0
2015-12-11,15:55:00,6.53,6.54,6.53,6.54,207,0
2015-12-11,16:00:00,6.525,6.56,6.52,6.55,10500,0
2015-12-11,16:05:00,6.55,6.55,6.55,6.55,800,0
2015-12-11,16:10:00,6.55,6.55,6.55,6.55,300,0
2015-12-11,16:15:00,6.55,6.57,6.55,6.55,400,0
2015-12-11,16:20:00,6.55,6.55,6.51,6.54,1400,0
2015-12-11,16:25:00,6.54,6.55,6.54,6.55,200,0
2015-12-11,16:30:00,6.55,6.55,6.54,6.54,300,0
2015-12-11,16:35:00,6.53,6.53,6.52,6.53,10400,0
2015-12-11,16:45:00,6.53,6.53,6.53,6.53,100,0
2015-12-11,16:50:00,6.5,6.51,6.5,6.5,1900,0
2015-12-11,16:55:00,6.51,6.51,6.51,6.51,100,0
2015-12-11,17:00:00,6.48,6.485,6.48,6.48,1000,0
2015-12-11,17:05:00,6.47,6.48,6.46,6.46,8000,0
2015-12-11,17:10:00,6.47,6.49,6.47,6.48,1000,0
2015-12-11,17:15:00,6.47,6.49,6.47,6.49,700,0
2015-12-11,17:20:00,6.47,6.48,6.47,6.48,200,0
2015-12-11,17:25:00,6.49,6.49,6.48,6.48,2000,0
2015-12-11,17:30:00,6.48,6.48,6.475,6.48,600,0
2015-12-11,17:35:00,6.49,6.49,6.47,6.4785,3700,0
2015-12-11,17:40:00,6.48,6.49,6.47,6.48,700,0
2015-12-11,17:45:00,6.48,6.48,6.475,6.48,900,0
2015-12-11,17:50:00,6.48,6.48,6.47,6.4705,1700,0
2015-12-11,17:55:00,6.48,6.49,6.48,6.48,1100,0
2015-12-11,18:00:00,6.48,6.49,6.48,6.48,1700,0
2015-12-11,18:05:00,6.47,6.48,6.47,6.48,800,0
2015-12-11,18:10:00,6.49,6.49,6.46,6.46,3600,0
2015-12-11,18:15:00,6.46,6.46,6.46,6.46,200,0
2015-12-11,18:20:00,6.47,6.47,6.44,6.44,2800,0
2015-12-11,18:25:00,6.43,6.435,6.415,6.42,1600,0
2015-12-11,18:30:00,6.41,6.42,6.41,6.41,1800,0
2015-12-11,18:35:00,6.41,6.42,6.4,6.41,400,0
2015-12-11,18:40:00,6.41,6.41,6.4,6.41,1800,0
2015-12-11,18:45:00,6.405,6.405,6.38,6.38,1600,0
2015-12-11,18:50:00,6.39,6.4,6.38,6.4,900,0
2015-12-11,18:55:00,6.4061,6.407,6.4,6.4,1400,0
2015-12-11,19:00:00,6.4,6.42,6.4,6.4,1380,0
2015-12-11,19:05:00,6.41,6.42,6.41,6.42,200,0
2015-12-11,19:10:00,6.4,6.42,6.4,6.41,400,0
2015-12-11,19:15:00,6.405,6.405,6.39,6.4,700,0
2015-12-11,19:20:00,6.39,6.41,6.39,6.41,1500,0
2015-12-11,19:25:00,6.42,6.42,6.41,6.41,800,0
2015-12-11,19:30:00,6.42,6.42,6.39,6.4,3300,0
2015-12-11,19:35:00,6.39,6.395,6.38,6.385,2200,0
2015-12-11,19:40:00,6.38,6.4,6.38,6.4,2300,0
2015-12-11,19:45:00,6.41,6.46,6.41,6.45,7480,0
2015-12-11,19:50:00,6.45,6.47,6.44,6.47,3200,0
2015-12-11,19:55:00,6.47,6.5,6.47,6.5,800,0
2015-12-11,20:05:00,6.485,6.49,6.45,6.45,6100,0
2015-12-11,20:10:00,6.46,6.46,6.45,6.45,3400,0
2015-12-11,20:15:00,6.46,6.47,6.46,6.47,1000,0
2015-12-11,20:20:00,6.47,6.47,6.47,6.47,1400,0
2015-12-11,20:30:00,6.46,6.46,6.46,6.46,200,0
2015-12-11,20:35:00,6.45,6.46,6.45,6.46,500,0
2015-12-11,20:40:00,6.45,6.46,6.44,6.46,10950,0
2015-12-11,20:45:00,6.45,6.48,6.43,6.47,6294,0
2015-12-11,20:50:00,6.46,6.46,6.43,6.44,3098,0
2015-12-11,20:55:00,6.445,6.445,6.445,6.445,200,0
2015-12-11,21:00:00,6.44,6.44,6.44,6.44,700,0
2015-12-11,21:05:00,6.43,6.43,6.4,6.4,900,0
2015-12-11,21:10:00,6.4,6.4,6.39,6.395,1100,0
2015-12-11,21:15:00,6.395,6.4,6.39,6.4,920,0
2015-12-11,21:20:00,6.39,6.4,6.39,6.39,1400,0
2015-12-11,21:25:00,6.39,6.41,6.385,6.41,8530,0
2015-12-11,21:30:00,6.4,6.42,6.4,6.42,2400,0
2015-12-11,21:35:00,6.415,6.43,6.41,6.43,11210,0
2015-12-11,21:40:00,6.44,6.44,6.42,6.42,3600,0
2015-12-11,21:45:00,6.42,6.42,6.37,6.37,2485,0
2015-12-11,21:50:00,6.3701,6.38,6.36,6.36,5700,0
2015-12-11,21:55:00,6.365,6.38,6.36,6.38,6894,0
2015-12-11,22:00:00,6.37,6.39,6.36,6.37,24782,0
2015-12-14,15:35:00,6.39,6.39,6.39,6.39,1600,0
2015-12-14,15:40:00,6.49,6.49,6.37,6.38,1200,0
2015-12-14,15:45:00,6.41,6.44,6.34,6.39,7100,0
2015-12-14,15:50:00,6.36,6.39,6.36,6.37,3900,0
2015-12-14,15:55:00,6.38,6.42,6.38,6.42,2883,0
2015-12-14,16:00:00,6.409,6.42,6.35,6.35,10507,0
2015-12-14,16:05:00,6.33,6.33,6.33,6.33,100,0
2015-12-14,16:10:00,6.32,6.39,6.32,6.39,3269,0
2015-12-14,16:15:00,6.37,6.37,6.34,6.34,1200,0
2015-12-14,16:20:00,6.3112,6.34,6.29,6.29,4700,0
2015-12-14,16:25:00,6.31,6.31,6.31,6.31,100,0
2015-12-14,16:30:00,6.28,6.28,6.28,6.28,200,0
2015-12-14,16:35:00,6.265,6.265,6.225,6.25,15425,0
2015-12-14,16:40:00,6.26,6.27,6.24,6.24,2313,0
2015-12-14,16:50:00,6.2599,6.2599,6.22,6.23,4150,0
2015-12-14,16:55:00,6.21,6.23,6.21,6.21,500,0
2015-12-14,17:00:00,6.22,6.23,6.215,6.23,2291,0
2015-12-14,17:05:00,6.225,6.2299,6.22,6.225,1200,0
2015-12-14,17:10:00,6.22,6.25,6.22,6.245,1900,0
2015-12-14,17:15:00,6.24,6.24,6.22,6.24,1800,0
2015-12-14,17:20:00,6.2362,6.25,6.2362,6.25,2400,0
2015-12-14,17:25:00,6.28,6.285,6.28,6.28,1300,0
2015-12-14,17:30:00,6.27,6.28,6.26,6.27,3800,0
2015-12-14,17:35:00,6.27,6.27,6.27,6.27,1500,0
2015-12-14,17:40:00,6.27,6.27,6.245,6.255,1700,0
2015-12-14,17:45:00,6.255,6.27,6.25,6.27,2500,0
2015-12-14,17:50:00,6.27,6.27,6.27,6.27,300,0
2015-12-14,18:00:00,6.28,6.29,6.28,6.28,500,0
2015-12-14,18:05:00,6.29,6.295,6.29,6.295,1200,0
2015-12-14,18:10:00,6.29,6.315,6.29,6.315,2595,0
2015-12-14,18:20:00,6.315,6.315,6.3,6.315,600,0
2015-12-14,18:25:00,6.315,6.315,6.3,6.315,300,0
2015-12-14,18:30:00,6.33,6.36,6.315,6.36,1800,0
2015-12-14,18:35:00,6.36,6.36,6.33,6.33,400,0
2015-12-14,18:40:00,6.36,6.36,6.33,6.345,3440,0
2015-12-14,18:45:00,6.36,6.36,6.33,6.33,300,0
2015-12-14,18:50:00,6.345,6.35,6.3,6.3,3398,0
2015-12-14,18:55:00,6.31,6.33,6.305,6.33,1400,0
2015-12-14,19:00:00,6.35,6.35,6.33,6.35,800,0
2015-12-14,19:05:00,6.35,6.36,6.35,6.36,900,0
2015-12-14,19:10:00,6.35,6.35,6.35,6.35,400,0
2015-12-14,19:15:00,6.36,6.36,6.345,6.35,700,0
2015-12-14,19:20:00,6.35,6.35,6.34,6.34,500,0
2015-12-14,19:25:00,6.34,6.34,6.34,6.34,300,0
2015-12-14,19:30:00,6.34,6.34,6.34,6.34,200,0
2015-12-14,19:35:00,6.34,6.34,6.32,6.32,1500,0
2015-12-14,19:40:00,6.31,6.315,6.305,6.31,1500,0
2015-12-14,19:50:00,6.29,6.29,6.28,6.28,1300,0
2015-12-14,19:55:00,6.28,6.29,6.28,6.29,400,0
2015-12-14,20:00:00,6.28,6.3,6.26,6.26,2220,0
2015-12-14,20:05:00,6.27,6.28,6.25,6.25,3312,0
2015-12-14,20:10:00,6.2505,6.29,6.25,6.26,3900,0
2015-12-14,20:15:00,6.27,6.27,6.27,6.27,100,0
2015-12-14,20:20:00,6.27,6.27,6.26,6.26,300,0
2015-12-14,20:25:00,6.27,6.27,6.26,6.26,400,0
2015-12-14,20:30:00,6.26,6.27,6.26,6.26,1199,0
2015-12-14,20:35:00,6.26,6.26,6.26,6.26,2200,0
2015-12-14,20:40:00,6.26,6.26,6.26,6.26,200,0
2015-12-14,20:45:00,6.26,6.27,6.26,6.27,1300,0
2015-12-14,20:50:00,6.26,6.27,6.26,6.27,700,0
2015-12-14,20:55:00,6.28,6.28,6.28,6.28,100,0
2015-12-14,21:00:00,6.28,6.28,6.275,6.275,2100,0
2015-12-14,21:05:00,6.275,6.275,6.23,6.24,3000,0
2015-12-14,21:10:00,6.23,6.23,6.21,6.21,800,0
2015-12-14,21:15:00,6.21,6.21,6.21,6.21,100,0
2015-12-14,21:20:00,6.2,6.25,6.2,6.25,1200,0
2015-12-14,21:25:00,6.25,6.25,6.24,6.24,300,0
2015-12-14,21:30:00,6.23,6.23,6.22,6.2216,1100,0
2015-12-14,21:35:00,6.23,6.23,6.21,6.22,2700,0
2015-12-14,21:40:00,6.21,6.25,6.21,6.21,10992,0
2015-12-14,21:45:00,6.2158,6.22,6.21,6.21,500,0
2015-12-14,21:50:00,6.215,6.25,6.21,6.25,4291,0
2015-12-14,21:55:00,6.23,6.24,6.22,6.23,2800,0
2015-12-14,22:00:00,6.23,6.24,6.22,6.24,1715,0
2015-12-15,15:35:00,6.27,6.4,6.27,6.28,2185,0
2015-12-15,15:40:00,6.31,6.31,6.31,6.31,200,0
2015-12-15,15:45:00,6.34,6.36,6.34,6.36,400,0
2015-12-15,15:50:00,6.36,6.36,6.3,6.3,500,0
2015-12-15,15:55:00,6.33,6.33,6.33,6.33,100,0
2015-12-15,16:00:00,6.3,6.3,6.28,6.29,900,0
2015-12-15,16:05:00,6.29,6.3,6.29,6.29,1100,0
2015-12-15,16:10:00,6.3,6.32,6.2999,6.32,1820,0
2015-12-15,16:20:00,6.32,6.32,6.3,6.3,300,0
2015-12-15,16:25:00,6.31,6.31,6.27,6.27,5176,0
2015-12-15,16:30:00,6.27,6.27,6.26,6.26,500,0
2015-12-15,16:35:00,6.24,6.24,6.24,6.24,300,0
2015-12-15,16:40:00,6.24,6.24,6.24,6.24,200,0
2015-12-15,16:45:00,6.25,6.25,6.24,6.24,700,0
2015-12-15,16:55:00,6.27,6.27,6.27,6.27,100,0
2015-12-15,17:00:00,6.262,6.29,6.262,6.29,2600,0
2015-12-15,17:05:00,6.27,6.28,6.27,6.27,1000,0
2015-12-15,17:10:00,6.28,6.28,6.27,6.28,300,0
2015-12-15,17:15:00,6.275,6.28,6.26,6.26,1900,0
2015-12-15,17:20:00,6.28,6.28,6.28,6.28,300,0
2015-12-15,17:30:00,6.28,6.28,6.28,6.28,200,0
2015-12-15,17:35:00,6.28,6.29,6.28,6.29,800,0
2015-12-15,17:40:00,6.29,6.29,6.26,6.26,500,0
2015-12-15,17:45:00,6.29,6.29,6.25,6.25,1600,0
2015-12-15,17:50:00,6.26,6.26,6.25,6.26,2300,0
2015-12-15,17:55:00,6.265,6.29,6.265,6.27,2000,0
2015-12-15,18:05:00,6.28,6.28,6.27,6.27,500,0
2015-12-15,18:10:00,6.28,6.29,6.28,6.29,300,0
2015-12-15,18:15:00,6.3,6.3,6.27,6.3,5700,0
2015-12-15,18:20:00,6.3,6.3,6.28,6.28,400,0
2015-12-15,18:25:00,6.29,6.31,6.28,6.305,14100,0
2015-12-15,18:30:00,6.305,6.32,6.305,6.32,1600,0
2015-12-15,18:35:00,6.335,6.34,6.33,6.34,500,0
2015-12-15,18:40:00,6.33,6.37,6.33,6.37,1700,0
2015-12-15,18:45:00,6.35,6.36,6.33,6.33,1798,0
2015-12-15,18:55:00,6.33,6.34,6.33,6.33,1100,0
2015-12-15,19:00:00,6.34,6.34,6.33,6.33,300,0
2015-12-15,19:05:00,6.33,6.33,6.33,6.33,899,0
2015-12-15,19:10:00,6.31,6.31,6.31,6.31,500,0
2015-12-15,19:15:00,6.31,6.33,6.31,6.32,700,0
2015-12-15,19:20:00,6.315,6.325,6.31,6.32,900,0
2015-12-15,19:25:00,6.32,6.32,6.32,6.32,100,0
2015-12-15,19:30:00,6.31,6.32,6.31,6.32,1800,0
2015-12-15,19:35:00,6.3,6.31,6.3,6.31,200,0
2015-12-15,19:40:00,6.3,6.31,6.3,6.3,400,0
2015-12-15,19:45:00,6.31,6.32,6.31,6.32,1200,0
2015-12-15,19:50:00,6.31,6.31,6.31,6.31,400,0
2015-12-15,19:55:00,6.32,6.34,6.32,6.34,1600,0
2015-12-15,20:00:00,6.35,6.35,6.35,6.35,100,0
2015-12-15,20:05:00,6.34,6.345,6.33,6.33,1840,0
2015-12-15,20:10:00,6.33,6.335,6.33,6.33,800,0
2015-12-15,20:15:00,6.33,6.34,6.33,6.34,1100,0
2015-12-15,20:20:00,6.34,6.35,6.33,6.35,500,0
2015-12-15,20:25:00,6.34,6.34,6.34,6.34,100,0
2015-12-15,20:30:00,6.33,6.34,6.33,6.34,500,0
2015-12-15,20:35:00,6.335,6.35,6.335,6.34,1400,0
2015-12-15,20:40:00,6.33,6.35,6.33,6.35,1000,0
2015-12-15,20:45:00,6.35,6.35,6.34,6.34,300,0
2015-12-15,20:50:00,6.34,6.35,6.32,6.33,1000,0
2015-12-15,20:55:00,6.34,6.34,6.32,6.33,1400,0
2015-12-15,21:00:00,6.33,6.33,6.32,6.32,700,0
2015-12-15,21:05:00,6.34,6.34,6.32,6.34,400,0
2015-12-15,21:10:00,6.34,6.34,6.32,6.32,700,0
2015-12-15,21:15:00,6.34,6.34,6.31,6.32,2500,0
2015-12-15,21:20:00,6.32,6.33,6.3,6.3,1300,0
2015-12-15,21:25:00,6.31,6.31,6.3,6.3,800,0
2015-12-15,21:30:00,6.31,6.33,6.305,6.31,1200,0
2015-12-15,21:35:00,6.32,6.32,6.31,6.31,1900,0
2015-12-15,21:40:00,6.32,6.32,6.31,6.32,1886,0
2015-12-15,21:45:00,6.34,6.34,6.33,6.34,1723,0
2015-12-15,21:50:00,6.34,6.34,6.33,6.34,1200,0
2015-12-15,21:55:00,6.33,6.33,6.32,6.32,3184,0
2015-12-15,22:00:00,6.32,6.33,6.32,6.32,23162,0
